0 -24 -24.220748948287266 -18.8739720592446 -15.142228164483624 -0.6989700043360203 -19.79529789657453
0 -22 -20.22074894830292 -14.873972059260254 -11.142228164499278 -0.6989700043516721 -15.79529789660584
0 -20 -16.220744104820493 -10.87397121577783 -7.142228321016839 -0.698970160869272 -11.795297209640989
0 -18 -12.221834466720093 -6.87541557767743 -3.1437906827925275 -0.7005325230166964 -7.798303933440187
0 -16 -9.782049842814994 -4.44082795377233 -0.7109360580980818 -2.267677900690287 -6.930861685629989
0 -14 -9.77007587955046 -4.428921990507797 -0.6990520957467216 -6.255793935599407 -10.90707175910092
1 -24 -22.220748948287266 -17.8739720592446 -15.142228164483624 -0.6989700043360203 -18.79529789657453
1 -22 -18.220748948302944 -13.873972059260279 -11.1422281644993 -0.6989700043516983 -14.795297896605886
1 -20 -14.220734105081517 -9.87396821603885 -7.1422283212777495 -0.6989701611305185 -10.79529421016303
1 -18 -10.22080606998251 -5.875160180939845 -3.1437932849388996 -0.7005351285111978 -6.79805113996502
1 -16 -7.766956713129482 -3.4375908240868167 -0.7116509201399314 -2.2683927875500522 -5.9283394262589635
1 -14 -7.754815682386248 -3.425657793343582 -0.6997868985816342 -6.256528738436938 -9.904542364772498
2 -24 -20.220748948287266 -16.873972059244604 -15.142228164483624 -0.6989700043360203 -17.79529789657453
2 -22 -16.220748948303207 -12.873972059260542 -11.142228164499564 -0.6989700043519596 -13.795297896606415
2 -20 -12.220701107692953 -8.873960218650291 -7.142228323888065 -0.6989701637441987 -9.795286215385905
2 -18 -8.217576166023655 -4.874372276980989 -3.143819369798567 -0.7005612469153006 -5.79728933204731
2 -16 -5.726467535396596 -2.4329426463539328 -0.7189496602928171 -2.275691774045622 -4.930990070793193
2 -14 -5.713993559488348 -2.4210796704456845 -0.7072897756750681 -6.264031615556376 -8.907467118976696
3 -24 -18.22074894828727 -15.873972059244606 -15.142228164483626 -0.6989700043360206 -16.79529789657454
3 -22 -14.220746948305829 -11.873972059263162 -11.142228164502182 -0.6989700043545849 -12.79529789661166
3 -20 -10.2205971339254 -7.873934244882736 -7.142228350109279 -0.6989701899991091 -8.795260267850798
3 -18 -6.2075139155860635 -3.8720550265433986 -3.1440830069792405 -0.7008252212411736 -4.795235831172125
3 -16 -3.6756863602940304 -1.474389471251366 -0.7911378736832938 -2.34788182195697 -4.04462572058806
3 -14 -3.664178713412903 -1.4641758243702385 -0.7813569295356684 -6.3380987696088384 -8.024630426825809
4 -24 -16.22074894828727 -14.873972059244606 -15.142228164483628 -0.6989700043360234 -15.795297896574539
4 -22 -12.220743948333228 -10.873971059290566 -11.142228164529575 -0.6989700043820012 -11.795296896666452
4 -20 -8.220234407961936 -6.873843518919271 -7.1422286240334705 -0.6989704642603306 -7.7951698159238685
4 -18 -4.175233531941118 -2.8660966428984525 -3.1468984910460787 -0.7036441021726609 -3.7920940638822356
4 -16 -1.9570585481591303 -0.8846726591164654 -1.2443918020846296 -2.8011365287495975 -3.9081630963182614
4 -14 -1.952829600203176 -0.8811967111605119 -1.24116681630181 -6.7979086564473725 -7.9014612004063505
5 -24 -14.220748948287312 -13.873972059244648 -15.142228164483672 -0.6989700043360624 -14.795297896574624
5 -22 -10.220724948723555 -9.87396605968089 -11.14222816491979 -0.6989700047725559 -10.795291897447115
5 -20 -6.218312322466364 -5.8733664334236995 -7.142232537413139 -0.6989743810142798 -6.794696644932724
5 -18 -2.0459498037440436 -1.870259914701378 -3.195533887873762 -0.7523091239260729 -2.8449026074880894
5 -16 -0.9887028470203013 -1.0291199579776367 -2.4264410178432083 -3.9831829938159546 -5.234658694040601
5 -14 -0.9884460440221206 -1.0289261549794557 -2.426268260213937 -7.983010100079958 -9.234292088044239
6 -24 -12.220746948288864 -12.8739720592462 -15.14222816448522 -0.6989700043376168 -13.795297896577729
6 -22 -8.220550964271146 -8.87392307522848 -11.142228180466256 -0.6989700203223902 -9.79524892854229
6 -20 -4.201046140627345 -4.86917125158468 -7.142394344211287 -0.6991362219009305 -5.7906632812546865
6 -18 -0.7687619758934638 -1.8463210868507993 -4.256021168749509 -1.8127660786228414 -3.8814409517869244
6 -16 -0.7332644535581176 -1.8202865645154533 -4.233142669639942 -5.789884509835939 -7.832526907116235
6 -14 -0.7332608553225675 -1.8202839662799035 -4.233140071518914 -9.789881911371344 -11.832521710645135
7 -24 -10.220729948420791 -11.873967059378126 -15.14222816461715 -0.6989700044695474 -12.795292896841582
7 -22 -6.218826289320199 -7.873492400277534 -11.142229505504066 -0.6989713453939371 -8.794819578640393
7 -20 -2.042647841271834 -3.8447979522291713 -7.16269693013968 -0.719439151977609 -4.78659268254367
7 -18 -0.7028333700227795 -2.795920480980116 -6.210797584943738 -3.7675394286223263 -6.785815740045559
7 -16 -0.7024615915889506 -2.7956477025462867 -6.210558807785182 -7.7673006476379545 -10.785304183177903
7 -14 -0.7024615544858456 -2.7956476654431826 -6.210558770682205 -11.767300610534596 -14.785304108971689
8 -24 -8.220556961383918 -10.873924072341255 -15.142228177580265 -0.6989700174326952 -11.795249922767837
8 -22 -4.201585774290046 -6.8692838852473805 -11.142364990360305 -0.699106830590996 -7.7907465485800955
8 -20 -0.7361762957996125 -3.8200734067569484 -8.231887500503777 -1.7886293748327524 -5.831058591599227
8 -18 -0.6993235235518666 -3.7931436345092013 -8.208265739746933 -5.765007579603199 -9.780507047103733
8 -16 -0.6993197919731348 -3.7931419029304703 -8.20826400816949 -9.765005848021886 -13.780503583946269
8 -14 -0.699319791600138 -3.793141902557472 -8.208264007796496 -13.765005847648892 -17.780503583200275
9 -24 -6.2188322605439925 -9.873493371501327 -15.142229476740223 -0.698971316592993 -10.794820521087985
9 -22 -2.042693727887671 -5.844566838845005 -11.162372942809109 -0.7191147864862623 -6.7860374557753405
9 -20 -0.6993781837816716 -4.793163294739006 -10.208273399965119 -3.7650152398562433 -8.780534367563343
9 -18 -0.6990050266993761 -4.792891137656713 -10.208034242895733 -7.764776082748133 -12.780023053398752
9 -16 -0.6990049893799618 -4.792891100337298 -10.208034205576318 -11.764776045428714 -16.780022978759924
9 -14 -0.6990049893762299 -4.792891100333565 -10.208034205572588 -15.76477604542498 -20.78002297875246
